board=[[0,15,11,1,6,2,10,14,12,0,13,3,16,0,4,5],
[10,6,3,16,12,5,0,4,14,15,1,0,2,11,0,13],
[14,5,0,0,11,3,15,13,0,2,16,4,12,10,1,6],
[4,13,2,12,1,0,0,16,6,10,5,11,3,15,0,14],
[0,2,6,15,14,1,11,0,3,5,10,16,4,0,13,12],
[3,16,12,0,2,4,6,0,11,14,0,13,10,1,5,15],
[11,10,5,13,0,12,3,15,1,0,4,2,0,6,14,16],
[1,4,0,14,13,10,16,5,15,6,0,12,0,2,3,11],
[13,0,16,5,0,6,1,12,2,0,3,10,11,14,15,4],
[2,12,0,11,0,16,14,3,5,4,6,15,1,13,0,10],
[6,3,14,4,10,15,13,0,0,11,0,1,5,12,16,2],
[15,1,10,0,4,11,5,2,13,16,12,14,0,3,6,0],
[12,0,4,3,16,0,2,10,0,13,14,6,15,5,11,1],
[5,11,13,2,3,0,4,6,10,1,15,0,14,16,12,0],
[0,0,1,6,15,14,12,11,16,3,2,5,13,4,10,0],
[16,14,15,10,5,13,0,1,4,12,11,0,6,0,2,3]]