

Testing on invalid 9x9 board...0 blanks
Problem:
[3, 1, 6, 5, 7, 8, 4, 9, 2]
[5, 2, 9, 1, 3, 4, 7, 6, 8]
[4, 8, 7, 6, 2, 9, 5, 3, 1]
[2, 6, 3, 4, 1, 5, 9, 8, 7]
[9, 7, 4, 8, 6, 3, 1, 2, 5]
[8, 5, 1, 7, 9, 2, 6, 4, 3]
[1, 3, 8, 9, 4, 7, 2, 5, 6]
[6, 9, 2, 3, 5, 1, 8, 7, 4]
[7, 4, 5, 2, 8, 6, 3, 1, 9]

Solving with BFS...
Nodes in frontier: 0
Nodes explored: 0
Found solution
[3, 1, 6, 5, 7, 8, 4, 9, 2]
[5, 2, 9, 1, 3, 4, 7, 6, 8]
[4, 8, 7, 6, 2, 9, 5, 3, 1]
[2, 6, 3, 4, 1, 5, 9, 8, 7]
[9, 7, 4, 8, 6, 3, 1, 2, 5]
[8, 5, 1, 7, 9, 2, 6, 4, 3]
[1, 3, 8, 9, 4, 7, 2, 5, 6]
[6, 9, 2, 3, 5, 1, 8, 7, 4]
[7, 4, 5, 2, 8, 6, 3, 1, 9]
Elapsed time: 3.88622283936e-05

Solving with DFS...
Nodes in frontier: 0
Nodes explored: 0
Found solution
[3, 1, 6, 5, 7, 8, 4, 9, 2]
[5, 2, 9, 1, 3, 4, 7, 6, 8]
[4, 8, 7, 6, 2, 9, 5, 3, 1]
[2, 6, 3, 4, 1, 5, 9, 8, 7]
[9, 7, 4, 8, 6, 3, 1, 2, 5]
[8, 5, 1, 7, 9, 2, 6, 4, 3]
[1, 3, 8, 9, 4, 7, 2, 5, 6]
[6, 9, 2, 3, 5, 1, 8, 7, 4]
[7, 4, 5, 2, 8, 6, 3, 1, 9]
Elapsed time: 3.50475311279e-05

Solving with Backtracking DFS...
Found solution
[3, 1, 6, 5, 7, 8, 4, 9, 2]
[5, 2, 9, 1, 3, 4, 7, 6, 8]
[4, 8, 7, 6, 2, 9, 5, 3, 1]
[2, 6, 3, 4, 1, 5, 9, 8, 7]
[9, 7, 4, 8, 6, 3, 1, 2, 5]
[8, 5, 1, 7, 9, 2, 6, 4, 3]
[1, 3, 8, 9, 4, 7, 2, 5, 6]
[6, 9, 2, 3, 5, 1, 8, 7, 4]
[7, 4, 5, 2, 8, 6, 3, 1, 9]
Elapsed time: 3.00407409668e-05


Testing on invalid 9x9 board...9 blanks
Problem:
[3, 1, 6, 5, 7, 8, 4, 9, 2]
[5, 0, 9, 1, 3, 0, 7, 6, 8]
[4, 8, 7, 6, 2, 0, 5, 3, 1]
[2, 6, 0, 4, 1, 5, 9, 8, 7]
[9, 7, 4, 8, 6, 3, 1, 2, 5]
[8, 5, 1, 7, 9, 0, 6, 4, 3]
[1, 3, 8, 9, 4, 7, 2, 5, 6]
[6, 0, 2, 3, 5, 0, 8, 7, 4]
[7, 4, 5, 0, 8, 6, 3, 0, 9]

Solving with BFS...
Nodes in frontier: 9
Nodes explored: 9
Found solution
[3, 1, 6, 5, 7, 8, 4, 9, 2]
[5, 2, 9, 1, 3, 4, 7, 6, 8]
[4, 8, 7, 6, 2, 9, 5, 3, 1]
[2, 6, 3, 4, 1, 5, 9, 8, 7]
[9, 7, 4, 8, 6, 3, 1, 2, 5]
[8, 5, 1, 7, 9, 2, 6, 4, 3]
[1, 3, 8, 9, 4, 7, 2, 5, 6]
[6, 9, 2, 3, 5, 1, 8, 7, 4]
[7, 4, 5, 2, 8, 6, 3, 1, 9]
Elapsed time: 0.000784873962402

Solving with DFS...
Nodes in frontier: 10
Nodes explored: 10
Found solution
[3, 1, 6, 5, 7, 8, 4, 9, 2]
[5, 2, 9, 1, 3, 4, 7, 6, 8]
[4, 8, 7, 6, 2, 9, 5, 3, 1]
[2, 6, 3, 4, 1, 5, 9, 8, 7]
[9, 7, 4, 8, 6, 3, 1, 2, 5]
[8, 5, 1, 7, 9, 2, 6, 4, 3]
[1, 3, 8, 9, 4, 7, 2, 5, 6]
[6, 9, 2, 3, 5, 1, 8, 7, 4]
[7, 4, 5, 2, 8, 6, 3, 1, 9]
Elapsed time: 0.000693082809448

Solving with Backtracking DFS...
Found solution
[3, 1, 6, 5, 7, 8, 4, 9, 2]
[5, 2, 9, 1, 3, 4, 7, 6, 8]
[4, 8, 7, 6, 2, 9, 5, 3, 1]
[2, 6, 3, 4, 1, 5, 9, 8, 7]
[9, 7, 4, 8, 6, 3, 1, 2, 5]
[8, 5, 1, 7, 9, 2, 6, 4, 3]
[1, 3, 8, 9, 4, 7, 2, 5, 6]
[6, 9, 2, 3, 5, 1, 8, 7, 4]
[7, 4, 5, 2, 8, 6, 3, 1, 9]
Elapsed time: 0.000264883041382


Testing on invalid 9x9 board...18 blanks
Problem:
[3, 1, 6, 0, 7, 0, 0, 9, 2]
[5, 2, 9, 1, 0, 4, 0, 6, 0]
[0, 0, 7, 6, 2, 9, 5, 3, 0]
[2, 6, 3, 4, 1, 5, 9, 0, 7]
[9, 0, 4, 8, 6, 3, 1, 2, 5]
[8, 0, 1, 7, 9, 2, 0, 4, 3]
[1, 3, 0, 9, 4, 0, 2, 5, 6]
[0, 9, 2, 3, 5, 1, 8, 7, 0]
[7, 4, 5, 2, 8, 6, 3, 1, 0]

Solving with BFS...
Nodes in frontier: 18
Nodes explored: 18
Found solution
[3, 1, 6, 5, 7, 8, 4, 9, 2]
[5, 2, 9, 1, 3, 4, 7, 6, 8]
[4, 8, 7, 6, 2, 9, 5, 3, 1]
[2, 6, 3, 4, 1, 5, 9, 8, 7]
[9, 7, 4, 8, 6, 3, 1, 2, 5]
[8, 5, 1, 7, 9, 2, 6, 4, 3]
[1, 3, 8, 9, 4, 7, 2, 5, 6]
[6, 9, 2, 3, 5, 1, 8, 7, 4]
[7, 4, 5, 2, 8, 6, 3, 1, 9]
Elapsed time: 0.00139808654785

Solving with DFS...
Nodes in frontier: 19
Nodes explored: 19
Found solution
[3, 1, 6, 5, 7, 8, 4, 9, 2]
[5, 2, 9, 1, 3, 4, 7, 6, 8]
[4, 8, 7, 6, 2, 9, 5, 3, 1]
[2, 6, 3, 4, 1, 5, 9, 8, 7]
[9, 7, 4, 8, 6, 3, 1, 2, 5]
[8, 5, 1, 7, 9, 2, 6, 4, 3]
[1, 3, 8, 9, 4, 7, 2, 5, 6]
[6, 9, 2, 3, 5, 1, 8, 7, 4]
[7, 4, 5, 2, 8, 6, 3, 1, 9]
Elapsed time: 0.00126385688782

Solving with Backtracking DFS...
Found solution
[3, 1, 6, 5, 7, 8, 4, 9, 2]
[5, 2, 9, 1, 3, 4, 7, 6, 8]
[4, 8, 7, 6, 2, 9, 5, 3, 1]
[2, 6, 3, 4, 1, 5, 9, 8, 7]
[9, 7, 4, 8, 6, 3, 1, 2, 5]
[8, 5, 1, 7, 9, 2, 6, 4, 3]
[1, 3, 8, 9, 4, 7, 2, 5, 6]
[6, 9, 2, 3, 5, 1, 8, 7, 4]
[7, 4, 5, 2, 8, 6, 3, 1, 9]
Elapsed time: 0.000294208526611


Testing on invalid 9x9 board...27 blanks
Problem:
[3, 1, 6, 5, 0, 0, 4, 0, 0]
[5, 2, 9, 1, 3, 4, 7, 0, 8]
[4, 8, 7, 6, 0, 9, 0, 3, 1]
[2, 6, 0, 0, 1, 5, 9, 0, 0]
[9, 0, 4, 8, 6, 3, 0, 0, 5]
[0, 5, 0, 0, 9, 2, 6, 4, 3]
[1, 3, 8, 0, 0, 7, 0, 0, 6]
[6, 0, 0, 3, 5, 1, 0, 7, 4]
[7, 0, 5, 0, 8, 6, 0, 1, 9]

Solving with BFS...
Nodes in frontier: 36
Nodes explored: 36
Found solution
[3, 1, 6, 5, 7, 8, 4, 9, 2]
[5, 2, 9, 1, 3, 4, 7, 6, 8]
[4, 8, 7, 6, 2, 9, 5, 3, 1]
[2, 6, 3, 4, 1, 5, 9, 8, 7]
[9, 7, 4, 8, 6, 3, 1, 2, 5]
[8, 5, 1, 7, 9, 2, 6, 4, 3]
[1, 3, 8, 9, 4, 7, 2, 5, 6]
[6, 9, 2, 3, 5, 1, 8, 7, 4]
[7, 4, 5, 2, 8, 6, 3, 1, 9]
Elapsed time: 0.0029730796814

Solving with DFS...
Nodes in frontier: 34
Nodes explored: 31
Found solution
[3, 1, 6, 5, 7, 8, 4, 9, 2]
[5, 2, 9, 1, 3, 4, 7, 6, 8]
[4, 8, 7, 6, 2, 9, 5, 3, 1]
[2, 6, 3, 4, 1, 5, 9, 8, 7]
[9, 7, 4, 8, 6, 3, 1, 2, 5]
[8, 5, 1, 7, 9, 2, 6, 4, 3]
[1, 3, 8, 9, 4, 7, 2, 5, 6]
[6, 9, 2, 3, 5, 1, 8, 7, 4]
[7, 4, 5, 2, 8, 6, 3, 1, 9]
Elapsed time: 0.00225591659546

Solving with Backtracking DFS...
Found solution
[3, 1, 6, 5, 7, 8, 4, 9, 2]
[5, 2, 9, 1, 3, 4, 7, 6, 8]
[4, 8, 7, 6, 2, 9, 5, 3, 1]
[2, 6, 3, 4, 1, 5, 9, 8, 7]
[9, 7, 4, 8, 6, 3, 1, 2, 5]
[8, 5, 1, 7, 9, 2, 6, 4, 3]
[1, 3, 8, 9, 4, 7, 2, 5, 6]
[6, 9, 2, 3, 5, 1, 8, 7, 4]
[7, 4, 5, 2, 8, 6, 3, 1, 9]
Elapsed time: 0.000542879104614


Testing on invalid 9x9 board...36 blanks
Problem:
[0, 0, 6, 5, 7, 0, 4, 9, 2]
[0, 0, 0, 1, 3, 4, 7, 6, 0]
[0, 0, 0, 6, 0, 9, 0, 3, 1]
[0, 0, 3, 4, 1, 5, 0, 0, 0]
[9, 7, 0, 8, 0, 3, 1, 2, 5]
[8, 5, 0, 7, 0, 0, 0, 4, 0]
[0, 0, 8, 0, 0, 7, 0, 5, 0]
[6, 9, 2, 0, 5, 1, 8, 0, 0]
[7, 0, 0, 2, 0, 6, 3, 1, 9]

Solving with BFS...
Nodes in frontier: 92
Nodes explored: 91
Found solution
[1, 3, 6, 5, 7, 8, 4, 9, 2]
[5, 2, 9, 1, 3, 4, 7, 6, 8]
[4, 8, 7, 6, 2, 9, 5, 3, 1]
[2, 6, 3, 4, 1, 5, 9, 8, 7]
[9, 7, 4, 8, 6, 3, 1, 2, 5]
[8, 5, 1, 7, 9, 2, 6, 4, 3]
[3, 1, 8, 9, 4, 7, 2, 5, 6]
[6, 9, 2, 3, 5, 1, 8, 7, 4]
[7, 4, 5, 2, 8, 6, 3, 1, 9]
Elapsed time: 0.00838613510132

Solving with DFS...
Nodes in frontier: 46
Nodes explored: 43
Found solution
[3, 1, 6, 5, 7, 8, 4, 9, 2]
[5, 2, 9, 1, 3, 4, 7, 6, 8]
[4, 8, 7, 6, 2, 9, 5, 3, 1]
[2, 6, 3, 4, 1, 5, 9, 8, 7]
[9, 7, 4, 8, 6, 3, 1, 2, 5]
[8, 5, 1, 7, 9, 2, 6, 4, 3]
[1, 3, 8, 9, 4, 7, 2, 5, 6]
[6, 9, 2, 3, 5, 1, 8, 7, 4]
[7, 4, 5, 2, 8, 6, 3, 1, 9]
Elapsed time: 0.00310611724854

Solving with Backtracking DFS...
Found solution
[1, 3, 6, 5, 7, 8, 4, 9, 2]
[5, 2, 9, 1, 3, 4, 7, 6, 8]
[4, 8, 7, 6, 2, 9, 5, 3, 1]
[2, 6, 3, 4, 1, 5, 9, 8, 7]
[9, 7, 4, 8, 6, 3, 1, 2, 5]
[8, 5, 1, 7, 9, 2, 6, 4, 3]
[3, 1, 8, 9, 4, 7, 2, 5, 6]
[6, 9, 2, 3, 5, 1, 8, 7, 4]
[7, 4, 5, 2, 8, 6, 3, 1, 9]
Elapsed time: 0.000684022903442


Testing on invalid 9x9 board...45 blanks
Problem:
[0, 0, 6, 0, 7, 8, 0, 9, 2]
[0, 0, 9, 1, 0, 4, 7, 0, 8]
[0, 8, 0, 0, 2, 0, 0, 3, 1]
[2, 0, 0, 4, 1, 0, 0, 0, 0]
[9, 7, 0, 8, 0, 0, 1, 0, 0]
[0, 5, 0, 7, 9, 0, 0, 0, 3]
[0, 0, 0, 9, 0, 0, 2, 0, 0]
[6, 9, 2, 0, 0, 0, 0, 7, 4]
[0, 0, 5, 0, 8, 0, 3, 1, 0]

Solving with BFS...
Nodes in frontier: 1225
Nodes explored: 1219
Found solution
[1, 3, 6, 5, 7, 8, 4, 9, 2]
[5, 2, 9, 1, 3, 4, 7, 6, 8]
[4, 8, 7, 6, 2, 9, 5, 3, 1]
[2, 6, 3, 4, 1, 5, 9, 8, 7]
[9, 7, 4, 8, 6, 3, 1, 2, 5]
[8, 5, 1, 7, 9, 2, 6, 4, 3]
[3, 1, 8, 9, 4, 7, 2, 5, 6]
[6, 9, 2, 3, 5, 1, 8, 7, 4]
[7, 4, 5, 2, 8, 6, 3, 1, 9]
Elapsed time: 0.0916540622711

Solving with DFS...
Nodes in frontier: 225
Nodes explored: 216
Found solution
[5, 1, 6, 3, 7, 8, 4, 9, 2]
[3, 2, 9, 1, 5, 4, 7, 6, 8]
[4, 8, 7, 6, 2, 9, 5, 3, 1]
[2, 6, 3, 4, 1, 5, 9, 8, 7]
[9, 7, 4, 8, 6, 3, 1, 2, 5]
[8, 5, 1, 7, 9, 2, 6, 4, 3]
[1, 3, 8, 9, 4, 7, 2, 5, 6]
[6, 9, 2, 5, 3, 1, 8, 7, 4]
[7, 4, 5, 2, 8, 6, 3, 1, 9]
Elapsed time: 0.0148620605469

Solving with Backtracking DFS...
Found solution
[1, 3, 6, 5, 7, 8, 4, 9, 2]
[5, 2, 9, 1, 3, 4, 7, 6, 8]
[4, 8, 7, 6, 2, 9, 5, 3, 1]
[2, 6, 3, 4, 1, 5, 9, 8, 7]
[9, 7, 4, 8, 6, 3, 1, 2, 5]
[8, 5, 1, 7, 9, 2, 6, 4, 3]
[3, 1, 8, 9, 4, 7, 2, 5, 6]
[6, 9, 2, 3, 5, 1, 8, 7, 4]
[7, 4, 5, 2, 8, 6, 3, 1, 9]
Elapsed time: 0.000774145126343


Testing on invalid 9x9 board...54 blanks
Problem:
[0, 0, 6, 0, 0, 0, 0, 0, 0]
[5, 2, 9, 0, 0, 0, 7, 0, 0]
[0, 0, 7, 6, 0, 9, 0, 0, 0]
[2, 0, 3, 0, 0, 0, 9, 0, 0]
[9, 0, 4, 0, 0, 0, 1, 2, 5]
[0, 0, 0, 7, 0, 0, 6, 0, 0]
[0, 0, 0, 9, 0, 0, 2, 0, 0]
[0, 0, 2, 3, 0, 1, 0, 7, 4]
[0, 0, 0, 0, 8, 0, 0, 0, 9]

Solving with BFS...
