[[3 1 6 5 7 8 4 9 2]
 [5 2 9 1 3 4 7 6 8]
 [4 8 7 6 2 9 5 3 1]
 [2 6 3 4 1 5 9 8 7]
 [9 7 4 8 6 3 1 2 5]
 [8 5 1 7 9 2 6 4 3]
 [1 3 8 9 4 7 2 5 6]
 [6 9 2 3 5 1 8 7 4]
 [7 4 5 2 8 6 3 1 9]]
time =  0.00128316879272


[[3 1 6 5 7 8 4 9 2]
 [5 2 9 1 3 4 7 6 8]
 [4 8 7 6 2 9 5 3 1]
 [2 6 3 4 1 5 9 8 7]
 [9 7 4 8 6 3 1 2 5]
 [8 5 1 7 9 2 6 4 3]
 [1 3 8 9 4 7 2 5 6]
 [6 9 2 3 5 1 8 7 4]
 [7 4 5 2 8 6 3 1 9]]
time =  0.00415992736816


[[3 1 6 5 7 8 4 9 2]
 [5 2 9 1 3 4 7 6 8]
 [4 8 7 6 2 9 5 3 1]
 [2 6 3 4 1 5 9 8 7]
 [9 7 4 8 6 3 1 2 5]
 [8 5 1 7 9 2 6 4 3]
 [1 3 8 9 4 7 2 5 6]
 [6 9 2 3 5 1 8 7 4]
 [7 4 5 2 8 6 3 1 9]]
time =  0.0113830566406


[[3 1 6 5 7 8 4 9 2]
 [5 2 9 1 3 4 7 6 8]
 [4 8 7 6 2 9 5 3 1]
 [2 6 3 4 1 5 9 8 7]
 [9 7 4 8 6 3 1 2 5]
 [8 5 1 7 9 2 6 4 3]
 [1 3 8 9 4 7 2 5 6]
 [6 9 2 3 5 1 8 7 4]
 [7 4 5 2 8 6 3 1 9]]
time =  0.022293806076


[[3 1 6 5 7 8 4 9 2]
 [5 2 9 1 3 4 7 6 8]
 [4 7 8 6 2 9 5 3 1]
 [2 6 7 4 1 5 9 8 3]
 [9 5 4 8 6 3 1 2 7]
 [1 8 3 7 9 2 6 4 5]
 [8 3 1 9 4 7 2 5 6]
 [6 9 2 3 5 1 8 7 4]
 [7 4 5 2 8 6 3 1 9]]
time =  0.0223500728607


[[3 1 5 6 7 8 4 9 2]
 [2 8 9 5 3 4 7 6 1]
 [4 7 6 1 2 9 5 3 8]
 [5 6 3 4 1 2 9 8 7]
 [9 4 7 8 6 3 1 2 5]
 [8 2 1 7 9 5 6 4 3]
 [1 3 8 9 4 7 2 5 6]
 [6 9 2 3 5 1 8 7 4]
 [7 5 4 2 8 6 3 1 9]]
time =  0.0309281349182


[[3 2 6 5 7 8 4 9 1]
 [5 8 9 1 3 4 6 7 2]
 [4 1 7 6 2 9 5 3 8]
 [2 6 3 4 9 5 1 8 7]
 [9 7 8 3 6 1 2 4 5]
 [1 5 4 2 8 7 9 6 3]
 [8 3 1 9 4 2 7 5 6]
 [6 9 2 7 5 3 8 1 4]
 [7 4 5 8 1 6 3 2 9]]
time =  0.0443871021271


[[1 5 6 9 3 4 7 8 2]
 [8 2 7 6 5 1 9 4 3]
 [4 3 9 7 2 8 5 1 6]
 [5 6 3 2 1 7 8 9 4]
 [9 7 4 5 8 3 6 2 1]
 [2 8 1 4 9 6 3 7 5]
 [3 9 8 1 4 5 2 6 7]
 [6 1 2 3 7 9 4 5 8]
 [7 4 5 8 6 2 1 3 9]]
time =  0.0620279312134


[[5 1 2 8 7 9 4 3 6]
 [8 4 3 5 1 6 2 9 7]
 [9 6 7 3 2 4 8 1 5]
 [2 8 4 6 3 1 7 5 9]
 [3 9 6 7 5 2 1 4 8]
 [7 5 1 4 9 8 6 2 3]
 [1 3 8 2 6 5 9 7 4]
 [4 7 9 1 8 3 5 6 2]
 [6 2 5 9 4 7 3 8 1]]
time =  0.0876739025116


[[ 8 15 11  1  6  2 10 14 12  7 13  3 16  9  4  5]
 [10  6  3 16 12  5  8  4 14 15  1  9  2 11  7 13]
 [14  5  9  7 11  3 15 13  8  2 16  4 12 10  1  6]
 [ 4 13  2 12  1  9  7 16  6 10  5 11  3 15  8 14]
 [ 9  2  6 15 14  1 11  7  3  5 10 16  4  8 13 12]
 [ 3 16 12  8  2  4  6  9 11 14  7 13 10  1  5 15]
 [11 10  5 13  8 12  3 15  1  9  4  2  7  6 14 16]
 [ 1  4  7 14 13 10 16  5 15  6  8 12  9  2  3 11]
 [13  7 16  5  9  6  1 12  2  8  3 10 11 14 15  4]
 [ 2 12  8 11  7 16 14  3  5  4  6 15  1 13  9 10]
 [ 6  3 14  4 10 15 13  8  7 11  9  1  5 12 16  2]
 [15  1 10  9  4 11  5  2 13 16 12 14  8  3  6  7]
 [12  8  4  3 16  7  2 10  9 13 14  6 15  5 11  1]
 [ 5 11 13  2  3  8  4  6 10  1 15  7 14 16 12  9]
 [ 7  9  1  6 15 14 12 11 16  3  2  5 13  4 10  8]
 [16 14 15 10  5 13  9  1  4 12 11  8  6  7  2  3]]
time =  0.0014500617981


[[ 8 15 11  1  6  2 10 14 12  7 13  3 16  9  4  5]
 [10  6  3 16 12  5  8  4 14 15  1  9  2 11  7 13]
 [14  5  9  7 11  3 15 13  8  2 16  4 12 10  1  6]
 [ 4 13  2 12  1  9  7 16  6 10  5 11  3 15  8 14]
 [ 9  2  6 15 14  1 11  7  3  5 10 16  4  8 13 12]
 [ 3 16 12  8  2  4  6  9 11 14  7 13 10  1  5 15]
 [11 10  5 13  8 12  3 15  1  9  4  2  7  6 14 16]
 [ 1  4  7 14 13 10 16  5 15  6  8 12  9  2  3 11]
 [13  7 16  5  9  6  1 12  2  8  3 10 11 14 15  4]
 [ 2 12  8 11  7 16 14  3  5  4  6 15  1 13  9 10]
 [ 6  3 14  4 10 15 13  8  7 11  9  1  5 12 16  2]
 [15  1 10  9  4 11  5  2 13 16 12 14  8  3  6  7]
 [12  8  4  3 16  7  2 10  9 13 14  6 15  5 11  1]
 [ 5 11 13  2  3  8  4  6 10  1 15  7 14 16 12  9]
 [ 7  9  1  6 15 14 12 11 16  3  2  5 13  4 10  8]
 [16 14 15 10  5 13  9  1  4 12 11  8  6  7  2  3]]
time =  0.00688791275024


[[ 8 15 11  1  6  2 10 14 12  7 13  3 16  9  4  5]
 [10  6  3 16 12  5  8  4 14 15  1  9  2 11  7 13]
 [14  5  9  7 11  3 15 13  8  2 16  4 12 10  1  6]
 [ 4 13  2 12  1  9  7 16  6 10  5 11  3 15  8 14]
 [ 9  2  6 15 14  1 11  7  3  5 10 16  4  8 13 12]
 [ 3 16 12  8  2  4  6  9 11 14  7 13 10  1  5 15]
 [11 10  5 13  8 12  3 15  1  9  4  2  7  6 14 16]
 [ 1  4  7 14 13 10 16  5 15  6  8 12  9  2  3 11]
 [13  7 16  5  9  6  1 12  2  8  3 10 11 14 15  4]
 [ 2 12  8 11  7 16 14  3  5  4  6 15  1 13  9 10]
 [ 6  3 14  4 10 15 13  8  7 11  9  1  5 12 16  2]
 [15  1 10  9  4 11  5  2 13 16 12 14  8  3  6  7]
 [12  8  4  3 16  7  2 10  9 13 14  6 15  5 11  1]
 [ 5 11 13  2  3  8  4  6 10  1 15  7 14 16 12  9]
 [ 7  9  1  6 15 14 12 11 16  3  2  5 13  4 10  8]
 [16 14 15 10  5 13  9  1  4 12 11  8  6  7  2  3]]
time =  0.0200219154358


[[ 8 15 11  1  6  2 10 14 12  7 13  3 16  9  4  5]
 [10  6  3 16 12  5  8  4 14 15  1  9  2 11  7 13]
 [14  5  9  7 11  3 15 13  8  2 16  4 12 10  1  6]
 [ 4 13  2 12  1  9  7 16  6 10  5 11  3 15  8 14]
 [ 9  2  6 15 14  1 11  7  3  5 10 16  4  8 13 12]
 [ 3 16 12  8  2  4  6  9 11 14  7 13 10  1  5 15]
 [11 10  5 13  8 12  3 15  1  9  4  2  7  6 14 16]
 [ 1  4  7 14 13 10 16  5 15  6  8 12  9  2  3 11]
 [13  7 16  5  9  6  1 12  2  8  3 10 11 14 15  4]
 [ 2 12  8 11  7 16 14  3  5  4  6 15  1 13  9 10]
 [ 6  3 14  4 10 15 13  8  7 11  9  1  5 12 16  2]
 [15  1 10  9  4 11  5  2 13 16 12 14  8  3  6  7]
 [12  8  4  3 16  7  2 10  9 13 14  6 15  5 11  1]
 [ 5 11 13  2  3  8  4  6 10  1 15  7 14 16 12  9]
 [ 7  9  1  6 15 14 12 11 16  3  2  5 13  4 10  8]
 [16 14 15 10  5 13  9  1  4 12 11  8  6  7  2  3]]
time =  0.0409331321716


[[ 8 15 11  1  6  2 10 14 12  7 13  3 16  9  4  5]
 [10  6  3 16 12  5  8  4 14 15  1  9  2 11  7 13]
 [14  5  9  7 11  3 15 13  8  2 16  4 12 10  1  6]
 [ 4 13  2 12  1  9  7 16  6 10  5 11  3 15  8 14]
 [ 9  2  6 15 14  1 11  7  3  5 10 16  4  8 13 12]
 [ 3 16 12  8  2  4  6  9 11 14  7 13 10  1  5 15]
 [11 10  5 13  8 12  3 15  1  9  4  2  7  6 14 16]
 [ 1  4  7 14 13 10 16  5 15  6  8 12  9  2  3 11]
 [13  7 16  5  9  6  1 12  2  8  3 10 11 14 15  4]
 [ 2 12  8 11  7 16 14  3  5  4  6 15  1 13  9 10]
 [ 6  3 14  4 10 15 13  8  7 11  9  1  5 12 16  2]
 [15  1 10  9  4 11  5  2 13 16 12 14  8  3  6  7]
 [12  8  4  3 16  7  2 10  9 13 14  6 15  5 11  1]
 [ 5 11 13  2  3  8  4  6 10  1 15  7 14 16 12  9]
 [ 7  9  1  6 15 14 12 11 16  3  2  5 13  4 10  8]
 [16 14 15 10  5 13  9  1  4 12 11  8  6  7  2  3]]
time =  0.0706131458282


[[ 8 15 11  1  6  2 10 14 12  7 13  3 16  9  4  5]
 [10  6  3 16 12  5  8  4 14 15  1  9  2 11  7 13]
 [14  5  9  7 11  3 15 13  8  2 16  4 12 10  1  6]
 [ 4 13  2 12  1  9  7 16  6 10  5 11  3 15  8 14]
 [ 9  2  6 15 14  1 11  7  3  5 10 16  4  8 13 12]
 [ 3 16 12  8  2  4  6  9 11 14  7 13 10  1  5 15]
 [11 10  5 13  8 12  3 15  1  9  4  2  7  6 14 16]
 [ 1  4  7 14 13 10 16  5 15  6  8 12  9  2  3 11]
 [13  7 16  5  9  6  1 12  2  8  3 10 11 14 15  4]
 [ 2 12  8 11  7 16 14  3  5  4  6 15  1 13  9 10]
 [ 6  3 14  4 10 15 13  8  7 11  9  1  5 12 16  2]
 [15  1 10  9  4 11  5  2 13 16 12 14  8  3  6  7]
 [12  8  4  3 16  7  2 10  9 13 14  6 15  5 11  1]
 [ 5 11 13  2  3  8  4  6 10  1 15  7 14 16 12  9]
 [ 7  9  1  6 15 14 12 11 16  3  2  5 13  4 10  8]
 [16 14 15 10  5 13  9  1  4 12 11  8  6  7  2  3]]
time =  0.109211921692


[[ 8 15 11  1  6  2 10 14 12  7 13  3 16  9  4  5]
 [10  6  3 16 12  5  8  4 14 15  1  9  2 11  7 13]
 [14  5  9  7 11  3 15 13  8  2 16  4 12 10  1  6]
 [ 4 13  2 12  1  9  7 16  6 10  5 11  3 15  8 14]
 [ 9  2  6 15 14  1 11  7  3  5 10 16  4  8 13 12]
 [ 3 16 12  8  2  4  6  9 11 14  7 13 10  1  5 15]
 [11 10  5 13  8 12  3 15  1  9  4  2  7  6 14 16]
 [ 1  4  7 14 13 10 16  5 15  6  8 12  9  2  3 11]
 [13  7 16  5  9  6  1 12  2  8  3 10 11 14 15  4]
 [ 2 12  8 11  7 16 14  3  5  4  6 15  1 13  9 10]
 [ 6  3 14  4 10 15 13  8  7 11  9  1  5 12 16  2]
 [15  1 10  9  4 11  5  2 13 16 12 14  8  3  6  7]
 [12  8  4  3 16  7  2 10  9 13 14  6 15  5 11  1]
 [ 5 11 13  2  3  8  4  6 10  1 15  7 14 16 12  9]
 [ 7  9  1  6 15 14 12 11 16  3  2  5 13  4 10  8]
 [16 14 15 10  5 13  9  1  4 12 11  8  6  7  2  3]]
time =  0.15562415123


[[ 8 15 11  1  6  2 10 14 12  7 13  3 16  9  4  5]
 [10  6  3 16 12  5  8  4 14 15  1  9  2 11  7 13]
 [14  5  9  7 11  3 15 13  8  2 16  4 12 10  1  6]
 [ 4 13  2 12  1  9  7 16  6 10  5 11  3 15  8 14]
 [ 9  2  6 15 14  1 11  7  3  5 10 16  4  8 13 12]
 [ 3 16 12  8  2  4  6  9 11 14  7 13 10  1  5 15]
 [11 10  5 13  8 12  3 15  1  9  4  2  7  6 14 16]
 [ 1  4  7 14 13 10 16  5 15  6  8 12  9  2  3 11]
 [13  7 16  5  9  6  1 12  2  8  3 10 11 14 15  4]
 [ 2 12  8  4  7 16 14  3  5 11  6 15  1 13  9 10]
 [ 6  3 14 11 10 15 13  8  7  4  9  1  5 12 16  2]
 [15  1 10  9  4 11  5  2 13 16 12 14  8  3  6  7]
 [12  8  4  3 16  7  2 10  9 13 14  6 15  5 11  1]
 [ 5 11 13  2  3  8  4  6 10  1 15  7 14 16 12  9]
 [ 7  9  1  6 15 14 12 11 16  3  2  5 13  4 10  8]
 [16 14 15 10  5 13  9  1  4 12 11  8  6  7  2  3]]
time =  0.236253976822


[[ 8 15 11  1  6  2 10 14 12  7 13  3  5  9 16  4]
 [10  6  3 16 12  5  8  4 14 15  1  9  2 11  7 13]
 [14  5  9  7 11  3 15 13  8  2 16  4 12 10  1  6]
 [ 4 13  2 12  1  9  7 16  6 10  5 11  3 15  8 14]
 [ 9  2  6 15 14  1 11  7  3  5 10 16  4  8 13 12]
 [ 3 16 12  8  2  4  6  9 11 14  7 13 10  1  5 15]
 [11 10  5 13  8 12  3 15  1  9  4  2  7  6 14 16]
 [ 1  4  7 14 13 10 16  5 15  6  8 12  9  2  3 11]
 [13  7 16  4  9  6  1 12  2  8  3 10 11 14 15  5]
 [ 2 12  8 11  7 16 14  3  5  4  6 15  1 13  9 10]
 [ 6  3 14  5 10 15 13  8  7 11  9  1 16 12  4  2]
 [15  1 10  9  4 11  5  2 13 16 12 14  8  3  6  7]
 [12  8  4  3 16  7  2 10  9 13 14  6 15  5 11  1]
 [ 5 11 13  2  3  8  4  6 10  1 15  7 14 16 12  9]
 [ 7  9  1  6 15 14 12 11 16  3  2  5 13  4 10  8]
 [16 14 15 10  5 13  9  1  4 12 11  8  6  7  2  3]]
time =  0.27731013298


